mage		cleric		thief		fighter		barbarian	samurai		druid		wizard
1		1		1		1		1		1		1		1
2500		1500		1250		2000		2200		4000		3000		5000
5000		3000		2500		4000		4400		8000		6000		10000
10000		6000		5000		8000		8800		16000		13000		20000
20000		13000		10000		16000		18000		32000		27500		40000
40000		27500		20000		32000		36000		64000		55000		60000
60000		55000		30000		64000		72000		125000		110000		90000
90000		110000		70000		125000		150000		250000		225000		135000
135000		225000		110000		250000		300000		500000		450000		250000
250000		450000		160000		500000		600000		750000		700000		375000
375000		675000		220000		750000		900000		1000000		950000		750000
750000		900000		440000		1000000		1200000		1250000		1200000		1125000
1125000		1125000		660000		1250000		1500000		1500000		1450000		1500000
1500000		1350000		880000		1500000		1800000		1800000		1700000		1875000
1875000		1575000		1100000		1850000		2100000		2100000		1950000		2250000
2250000		1800000		1500000		2200000		2500000		2500000		2200000		2625000
2625000		2100000		2000000		2550000         2900000		2900000		2500000		3000000
3000000		2400000		2500000		2900000		3300000		3300000		2800000		3375000
3375000		2700000		3000000		3250000		3700000		3700000		3100000		3750000
3750000		3000000		3500000		3600000		4100000		4100000		3400000		4000000
4000000		3250000		3650000		3900000		4500000		4500000		3700000		4300000
4300000		3500000		3800000		4200000		4900000		4900000		4000000		4600000
4600000		3800000		4100000		4500000		5300000		5300000		4300000		4900000
4900000		4100000		4400000		4800000		5700000		5700000		4600000		5200000
5200000		4400000		4700000		5150000		6100000		6100000		5000000		5500000
5500000		4800000		5100000		5500000		6500000		6500000		5400000		5950000
5950000		5200000		5500000		5950000		6900000		6900000		5800000		6400000
6400000		5600000		5900000		6400000		7300000		7300000		6300000		6850000
6850000		6000000		6300000		6850000		7700000		7700000		6800000		7200000
7400000		6400000		6650000		7400000		8200000		8200000		7400000		7600000
8000000		7000000		7000000		8000000		8600000		8600000		8000000		8000000
9000000		9000000		9000000		9000000		9000000		9000000		9000000		9000000
9500000		9500000		9500000		9500000		9500000		9500000		9500000		9500000
10000000	10000000	10000000	10000000	10000000	10000000	10000000	10000000
